3.4716189320856366e-10
2.1198437554867626e-09
4.9433076857408975e-20
1.757048796377517e-17
8.079821273158709e-23
5.3165053811028195e-18
2.428826849181489e-15
1.0094002186581256e-27
5.72426447264612e-25
0.00011455902622611434
8.698294684818652e-11
1.3753222873952745e-14
6.988596417617663e-18
6.516265332455556e-08
2.472337508038345e-12
9.320844061546375e-08
2.7207768728702163e-05
1.0484344526768058e-07
1.7936551922771358e-20
3.2873480196235077e-24
6.333433804417638e-42
9.209561716172117e-38
3.584974530398603e-27
1.8125222627872613e-18
2.916482883053419e-22
3.0712205529303956e-13
1.1148337357750227e-08
4.0177844864116204e-11
9.819483103895291e-26
5.171417937382546e-17
3.0234738636462527e-15
1.4494864362636986e-21
2.3131351162345838e-23
1.9646199773450633e-15
1.5513546817821743e-21
1.1956372520056288e-24
1.745846804333336e-14
6.059863951174351e-16
7.110364534087284e-21
1.1731190599454818e-13
1.957414268437418e-17
3.3014238688125047e-19
9.249390752534953e-18
1.2452122940895094e-20
6.556155053189337e-20
5.986268483085341e-23
5.75285637457783e-11
1.4847959266369897e-10
1.9347858834900314e-22
2.983667813459046e-22
2.179296435936732e-21
2.1797578534273406e-20
1.0321279069534113e-09
3.1038629085917862e-09
3.1038629085917862e-09
1.1125263120448484e-15
1.1800393272060688e-16
3.5799695695660718e-06
8.845588016284586e-14
8.248320486260965e-18
7.546184843588969e-07
1.904684811244782e-19
1.066600231012581e-19
8.172416818140203e-14
2.685824075335248e-31
2.9677865147666426e-21
8.842852058390155e-08
1.2410561174495729e-05
8.59192696695859e-06
3.1735640250157284e-27
1.2602711433549771e-20
7.274945801369857e-27
2.0260136567620216e-16
7.791293183684784e-13
9.68113045016984e-30
2.1263744134554414e-13
6.252317139442197e-11
8.961840761916613e-16
2.718686213297313e-12
3.045616659618565e-16
8.135481471326537e-13
9.399128713709757e-08
1.9093171037685744e-06
3.588526393498839e-10
3.024708286740877e-32
8.806288338683878e-11
1.670935489148537e-57
3.795841086894458e-23
8.663526358349902e-05
2.64414393345235e-21
5.153266855737623e-12
3.5102626103600553e-15
9.798836064702602e-08
3.6379425280527393e-13
3.226458228292132e-18
1.3965764438578538e-17
9.900624839450405e-11
9.23153798573556e-21
1.9066619849335108e-22
6.735676679011091e-13
