4.2674891820071366e-09
1.058678488519423e-07
5.149694499711469e-16
9.840088702332022e-14
9.875687783976934e-19
1.1208706642045002e-12
4.145917865353987e-12
4.3107275356640996e-23
4.2025410782557875e-16
0.00038733199590784223
2.7277865947375575e-09
1.421848117510859e-10
8.532921994870661e-14
2.252889448917828e-05
1.9829483727168463e-11
1.0764878634720208e-05
2.7654019059149932e-05
6.309448156557711e-06
2.527457944310111e-12
1.421449214828295e-20
3.281999548693918e-33
2.7636559982011687e-31
6.958216679056834e-19
3.2308704381982846e-15
5.515773209462613e-16
8.326222899740274e-10
8.038320972633988e-06
1.765337626679957e-09
2.037608814532653e-20
7.352888713479318e-12
4.458883717538475e-09
5.077099899888216e-15
2.9084487149189707e-13
6.561898428242201e-11
5.309592289722027e-17
4.342685678148238e-15
1.0883585916963685e-07
7.021749141253347e-08
1.5350997079911858e-13
5.902491866980713e-10
4.713630863921772e-13
8.744760733311359e-12
3.5867232906971385e-11
1.5052074797419155e-16
1.1346034689584602e-13
2.4637591956814892e-15
1.2564160617580708e-10
6.188226148610604e-10
9.449758949630706e-17
5.143255085969358e-19
4.868451194688725e-21
6.27557866161159e-14
9.655128567410944e-06
0.00030925297365056565
0.00030925297365056565
2.5945724381084625e-12
6.566925972522216e-12
3.0575841777245836e-06
5.618082947701134e-08
1.0394259865530462e-13
0.002532281258578064
3.2944758515342096e-14
1.5494079633584817e-15
1.0865674979128423e-11
3.210467606412141e-21
1.0600760171691273e-15
2.074486317471349e-06
4.0110458855627215e-05
1.2505977721416303e-05
2.4713831758757353e-18
5.817096168260147e-16
2.714138894161788e-19
4.1300202408331e-10
7.511930757570751e-11
1.666118419087566e-24
3.7714859025159476e-12
1.3959331093990194e-08
4.937767808999802e-12
1.7830393267928854e-10
8.855888999366487e-17
1.2711834088994761e-09
1.5097539280577726e-07
8.401631596856109e-07
1.867774494566083e-10
3.5272912693870415e-25
1.0757013596601139e-10
3.4349213692501244e-56
3.075741005382461e-19
0.0012769172380280131
8.388761864242546e-17
6.01757107327277e-11
3.9428016028734514e-11
5.453895616948348e-06
6.096809074022101e-13
1.1343135886337646e-12
1.398832320644707e-12
4.04623433786797e-08
4.260235219042723e-14
1.4671181128182803e-15
1.8280876838934505e-10
